3843568819
3923849333
2479805179
3129275297
3430715003
3426351541
2530502363
4056831437
2954703361
2694837641
4055552093
3352008551
4112016703
3855815527
2958550093
2183063329
3152825353
4289023943
3350767493
2688142943
2582370097
4267372463
2223536281
3212360293
3405043643
4037981501
4292562413
2993910301
3293677963
4115589649
2400196087
3999079481
2527246091
2405643007
3015303607
3999459917
4243205971
2709718351
3185781143
2688386567
2268782287
2460547129
2253971633
3608642441
2701008803
3381695939
3422605853
2911429481
2185769041
3302588981
3315606551
2755906259
3467469667
3006074707
2688135809
3625429567
3148849367
3727360849
4220379859
2445559451
3011961443
2847111079
2489987413
3965066659
3731539211
3305518703
4195705237
3158968867
2454523381
2861287993
4249772887
3146837189
3301902971
4096169921
2361484871
4005994807
2161471099
3055343573
2905096387
3966011927
3375501769
2970935183
2924948023
2286937231
3351391489
3160507003
2431637707
3097940371
4172237957
3451136291
3783171257
3645664787
2845027561
3893256559
3169641467
4012911193
2359086529
2549141297
4144708937
3173820101
2215971379
3444222163
3356203283
2587525471
3229705597
4288788929
4017093571
2966447717
3309313957
3935699549
3123710003
2701932839
4201768223
3364312717
3530761973
2820338909
3097647769
2442272057
3963676987
2576107169
3005041999
4118179487
3062445461
4087783159
3196856297
4239122551
4007309507
2856354299
